0 1 2.0
0 10 2.0
1 2 2.0
1 11 2.0
2 3 2.0
2 12 2.0
3 4 2.0
3 13 2.0
4 5 2.0
4 14 2.0
5 6 2.0
5 15 2.0
6 16 2.0
6 7 2.0
7 17 2.0
7 8 2.0
8 18 2.0
8 9 2.0
9 19 2.0
10 20 2.0
10 11 2.0
11 21 2.0
11 12 2.0
12 22 2.0
12 13 2.0
13 23 2.0
13 14 2.0
14 24 2.0
14 15 2.0
15 16 2.0
15 25 2.0
16 17 2.0
16 26 2.0
17 18 2.0
17 27 2.0
18 19 2.0
18 28 2.0
19 29 2.0
20 21 2.0
20 30 2.0
21 22 2.0
21 31 2.0
22 32 2.0
22 23 2.0
23 33 2.0
23 24 2.0
24 34 2.0
24 25 2.0
25 35 2.0
25 26 2.0
26 36 2.0
26 27 2.0
27 37 2.0
27 28 2.0
28 38 2.0
28 29 2.0
29 39 2.0
30 40 2.0
30 31 2.0
31 32 2.0
31 41 2.0
32 33 2.0
32 42 2.0
33 34 2.0
33 43 2.0
34 35 2.0
34 44 2.0
35 36 2.0
35 45 2.0
36 37 2.0
36 46 2.0
37 38 2.0
37 47 2.0
38 48 2.0
38 39 2.0
39 49 2.0
40 50 2.0
40 41 2.0
41 51 2.0
41 42 2.0
42 52 2.0
42 43 2.0
43 53 2.0
43 44 2.0
44 54 2.0
44 45 2.0
45 55 2.0
45 46 2.0
46 56 2.0
46 47 2.0
47 48 2.0
47 57 2.0
48 49 2.0
48 58 2.0
49 59 2.0
50 51 2.0
50 60 2.0
51 52 2.0
51 61 2.0
52 53 2.0
52 62 2.0
53 54 2.0
53 63 2.0
54 64 2.0
54 55 2.0
55 65 2.0
55 56 2.0
56 66 2.0
56 57 2.0
57 67 2.0
57 58 2.0
58 68 2.0
58 59 2.0
59 69 2.0
60 70 2.0
60 61 2.0
61 71 2.0
61 62 2.0
62 72 2.0
62 63 2.0
63 64 2.0
63 73 2.0
64 65 2.0
64 74 2.0
65 66 2.0
65 75 2.0
66 67 2.0
66 76 2.0
67 68 2.0
67 77 2.0
68 69 2.0
68 78 2.0
69 79 2.0
70 80 2.0
70 71 2.0
71 81 2.0
71 72 2.0
72 82 2.0
72 73 2.0
73 83 2.0
73 74 2.0
74 84 2.0
74 75 2.0
75 85 2.0
75 76 2.0
76 86 2.0
76 77 2.0
77 87 2.0
77 78 2.0
78 88 2.0
78 79 2.0
79 89 2.0
80 81 2.0
80 90 2.0
81 82 2.0
81 91 2.0
82 83 2.0
82 92 2.0
83 84 2.0
83 93 2.0
84 85 2.0
84 94 2.0
85 86 2.0
85 95 2.0
86 96 2.0
86 87 2.0
87 97 2.0
87 88 2.0
88 98 2.0
88 89 2.0
89 99 2.0
90 100 2.0
90 91 2.0
91 101 2.0
91 92 2.0
92 102 2.0
92 93 2.0
93 103 2.0
93 94 2.0
94 104 2.0
94 95 2.0
95 96 2.0
95 105 2.0
96 97 2.0
96 106 2.0
97 98 2.0
97 107 2.0
98 99 2.0
98 108 2.0
99 109 2.0
100 101 2.0
100 110 2.0
101 102 2.0
101 111 2.0
102 112 2.0
102 103 2.0
103 113 2.0
103 104 2.0
104 114 2.0
104 105 2.0
105 115 2.0
105 106 2.0
106 116 2.0
106 107 2.0
107 117 2.0
107 108 2.0
108 118 2.0
108 109 2.0
109 119 2.0
110 120 2.0
110 111 2.0
111 112 2.0
111 121 2.0
112 113 2.0
112 122 2.0
113 114 2.0
113 123 2.0
114 115 2.0
114 124 2.0
115 116 2.0
115 125 2.0
116 117 2.0
116 126 2.0
117 118 2.0
117 127 2.0
118 128 2.0
118 119 2.0
119 129 2.0
120 130 2.0
120 121 2.0
121 131 2.0
121 122 2.0
122 132 2.0
122 123 2.0
123 133 2.0
123 124 2.0
124 134 2.0
124 125 2.0
125 135 2.0
125 126 2.0
126 136 2.0
126 127 2.0
127 128 2.0
127 137 2.0
128 129 2.0
128 138 2.0
129 139 2.0
130 131 2.0
130 140 2.0
131 132 2.0
131 141 2.0
132 133 2.0
132 142 2.0
133 134 2.0
133 143 2.0
134 144 2.0
134 135 2.0
135 145 2.0
135 136 2.0
136 146 2.0
136 137 2.0
137 147 2.0
137 138 2.0
138 148 2.0
138 139 2.0
139 149 2.0
140 141 2.0
141 142 2.0
142 143 2.0
143 144 2.0
144 145 2.0
145 146 2.0
146 147 2.0
147 148 2.0
148 149 2.0
